a = 10.3159
b = 9.81305
c = 27.2223
m = 1.94087
