a = 9.28653
b = 2.68242
c = 38.0273
m = 2.49537
