a = 8.08047
b = 0.25473
c = 34.4109
m = 5.0649
