a = 10.9661
b = 2.13465
c = 35.8018
m = 2.70973
