a = 11.3586
b = 2.01177
c = 33.9608
m = 1.03602
